Srev: 1.12309e+10
Pfail: 2.20516e+07
Plost: 0
Seff: 29562.6
Final Score: 1.12099e+10Failed orders: 1167
